  0.96310609697551608        4.3252112337974076        0.0000000000000000        0.0000000000000000     
   6.3042546807489197        10.708420547287565        0.0000000000000000        0.0000000000000000     
   2.0873535765722515        1.0559361497839654        0.0000000000000000        0.0000000000000000     
   6.7828444551128184        8.7867762842054731        0.0000000000000000        0.0000000000000000     
   1.9716046567450793        5.0148859817570806        0.0000000000000000        0.0000000000000000     
   9.3077940470475280        2.5845775324051847        0.0000000000000000        0.0000000000000000     
   6.8770895343254921       0.72185669707153144        0.0000000000000000        0.0000000000000000     
   7.2525828132501191        6.0415350456072971        0.0000000000000000        0.0000000000000000     
   4.8569983197311570        5.1086173787806048        0.0000000000000000        0.0000000000000000     
   7.8193218915026401        3.0319347095535281        0.0000000000000000        0.0000000000000000     
   8.9098847815650508        7.5578168506961116        0.0000000000000000        0.0000000000000000     
   3.8903540566490635        5.7967666826692268        0.0000000000000000        0.0000000000000000     
   10.646201392222755        6.5203288526164185        0.0000000000000000        0.0000000000000000     
   4.7356949111857896        3.6291754680748922        0.0000000000000000        0.0000000000000000     
   10.094327892462793        10.149521123379740        0.0000000000000000        0.0000000000000000     
   3.0333413346135383        8.8796291406625052        0.0000000000000000        0.0000000000000000     
   10.165518482957273        4.4178312530004806        0.0000000000000000        0.0000000000000000     
   11.208965434469514        4.0833329332693227        0.0000000000000000        0.0000000000000000     
   9.9201488238118092        5.6628600576092172        0.0000000000000000        0.0000000000000000     
   7.8738478156505041        8.0582117138742184        0.0000000000000000        0.0000000000000000     
  0.61775444071051366        8.7500204032645215        0.0000000000000000        0.0000000000000000     
   2.2799567930868938        10.822652424387902        0.0000000000000000        0.0000000000000000     
   3.1185789726356217        4.9499735957753241        0.0000000000000000        0.0000000000000000     
   7.8722995679308685        1.3789486317810848        0.0000000000000000        0.0000000000000000     
   10.574263082093136        3.1451128180508876        0.0000000000000000        0.0000000000000000     
  0.71675468074891979       0.92471795487277963        0.0000000000000000        0.0000000000000000     
   7.6593590974555932        4.9523607777244356        0.0000000000000000        0.0000000000000000     
   1.8487445991358615        3.5519971195391262        0.0000000000000000        0.0000000000000000     
   11.414015842534806        7.9707237157945272        0.0000000000000000        0.0000000000000000     
   9.0243746999519932        9.9931373019683161        0.0000000000000000        0.0000000000000000     
   1.7834841574651945        2.3321639462313972        0.0000000000000000        0.0000000000000000     
   6.3617786845895337        4.0209745559289480        0.0000000000000000        0.0000000000000000     
   4.3206625060009598        2.4593062890062409        0.0000000000000000        0.0000000000000000     
   6.8234289486317810        1.8982513202112339        0.0000000000000000        0.0000000000000000     
  0.77214474315890547        2.8863982237157946        0.0000000000000000        0.0000000000000000     
   11.349552328372539        5.6829212674027847        0.0000000000000000        0.0000000000000000     
   1.2500000000000000        11.284853576572251        0.0000000000000000        0.0000000000000000     
   4.2601356216994715        11.403708593374940        0.0000000000000000        0.0000000000000000     
   7.6679236677868454        11.249715554488716        0.0000000000000000        0.0000000000000000     
   2.5791478636581853        5.9097347575612096        0.0000000000000000        0.0000000000000000     
   3.1896963514162264        3.5682849255880940        0.0000000000000000        0.0000000000000000     
   10.869505520883340        11.432353576572250        0.0000000000000000        0.0000000000000000     
   5.1780412866058567        8.4691010561689879        0.0000000000000000        0.0000000000000000     
   8.6510993759001451        5.4399879980796921        0.0000000000000000        0.0000000000000000     
   5.8351524243879016        2.7679920787325973        0.0000000000000000        0.0000000000000000     
   5.6106937109937585        1.2090722515602494        0.0000000000000000        0.0000000000000000     
   10.104643542966874        7.6232285165626505        0.0000000000000000        0.0000000000000000     
   7.8484169467114731        9.3539522323571767        0.0000000000000000        0.0000000000000000     
   5.5310609697551607        6.7594935189630334        0.0000000000000000        0.0000000000000000     
   9.9771159385501687        8.8245559289486319        0.0000000000000000        0.0000000000000000     
   11.213336533845414        9.1378180508881428        0.0000000000000000        0.0000000000000000     
   11.118927028324531        1.6354596735477678        0.0000000000000000        0.0000000000000000     
   6.9766622659625535        7.3738778204512716        0.0000000000000000        0.0000000000000000     
   9.7233545367258749        1.5403432549207872        0.0000000000000000        0.0000000000000000     
   9.0904056649063847        3.7155208833413345        0.0000000000000000        0.0000000000000000     
