8.8560830    18.8808960
6.5822290    32.7460210
20.5118570    4.4755660
15.5177740    19.9090600
25.1840710    19.4244920
10.5444040    23.9995210
8.4535920    31.2549050
13.0315410    18.1443770
7.5425580    5.0327250
33.1348850    8.8222710
4.5670270    1.2278280
18.9097830    11.5801000
28.5484920    15.1565850
27.6530600    22.4400550
30.5145650    4.2850180
25.2584080    31.9240000
6.4157750    9.8028240
21.2339970    1.3756220
27.4402520    1.2286970
18.9219400    1.7021060
3.2680350    21.8556010
28.9561540    18.1260850
11.7955620    7.0744400
20.8882370    16.5665770
19.5687710    29.5634940
19.4200820    7.1265340
27.7780740    18.8242920
13.0239680    20.0190340
4.3700140    21.2601420
28.4404790    2.1079070
3.6351300    12.1674020
22.6324580    16.0844680
8.3398420    10.7521740
31.6305190    0.9995050
28.1449270    28.0711640
9.4289770    22.4462550
29.5312300    23.4767140
6.9321140    22.8692310
25.8279890    26.9778940
15.0344820    23.6699580
0.6620820    28.7055630
29.4364600    16.2657400
0.6906350    26.9932610
9.3793120    20.3937460
34.0078140    26.8926900
7.7820440    32.6805240
22.2947670    10.4460820
14.3271180    6.5671080
8.2151940    15.6775930
5.3473720    16.2618170
19.8253830    24.6343960
5.2984360    33.6445670
4.0777230    7.9887840
3.9315140    10.8559830
31.6666190    16.7127810
15.0914960    2.3184500
13.1644930    22.2438900
11.0861570    25.6306210
14.2625210    19.9246270
31.4336230    29.9741180
18.3174710    21.9592290
28.2661580    25.5402090
19.3700590    20.0690590
23.4869030    10.9514060
32.1652040    31.7876140
23.0969740    22.0348050
3.7901930    5.3480940
29.7350510    31.7781390
32.3257580    24.1550060
9.2929070    2.1696880
26.5717750    12.6644890
17.9333910    20.7092020
11.6373680    8.3073710
13.1470630    2.3153920
16.4340360    12.4364000
22.9709670    26.0956460
22.2715020    1.0086570
24.0895060    27.9103140
1.1549240    15.3733770
26.7314980    9.4064870
30.7477430    25.5567590
11.6189860    21.1572010
2.9551550    8.5759860
9.6322550    29.9576010
14.0948860    24.7629190
0.7518370    17.4096770
3.6580860    31.4166910
0.7364370    10.9175400
11.8570130    29.6503550
31.8352890    5.9913850
9.3609340    3.8242720
12.1576310    11.7598950
30.0138720    0.9656000
31.2533840    32.7819080
33.9034270    12.4223920
20.5581480    31.1023030
26.5871450    30.2780840
27.8890430    4.5158900
30.5862490    16.1876650
7.6934000    26.8569340
9.6047130    26.3454560
20.4137290    12.3185590
30.9088990    18.3324290
19.5703480    31.7928480
25.9891290    25.7238790
23.4028970    17.3771080
4.7489940    25.5365680
8.9253250    21.3866140
6.8927370    12.6801940
29.2067460    24.7160880
7.7670050    14.3361660
16.1402950    17.0845830
5.1236430    17.5095320
6.4187440    15.1989240
4.3256510    14.3031310
11.4990700    27.6603860
5.2952700    7.2888990
14.5474170    21.3481180
11.7956780    19.2561210
20.3451770    15.4076210
26.2815500    33.0668120
16.5738910    29.7894910
15.8341560    15.4723650
17.4466120    1.4890410
21.5617920    7.4407410
30.2975290    19.7248250
7.2674930    17.6247750
20.6521990    26.6335550
6.5249030    13.8931520
15.1900080    9.1431020
2.7240740    7.0433730
16.1955900    5.5465660
2.8400500    19.7113910
19.4607780    9.2741580
7.9523060    16.7763950
5.0245980    3.7659920
1.1198830    24.3898010
8.1978460    29.9554370
26.3155920    4.6523110
30.7073780    33.9640590
26.3946140    16.6130920
29.4892460    11.5955410
6.9142930    11.0369840
19.5887770    28.3972360
23.8351740    32.5237020
3.9333810    18.4584170
31.2575690    7.2384090
5.1811510    8.6899900
7.3947390    20.7169160
29.3988090    22.3172500
9.0386060    12.8985480
23.5992090    6.9804100
30.7166760    30.8156580
4.9360930    6.1065310
19.1606100    10.3873340
14.8801700    1.0402830
12.7035820    5.0715300
10.6392430    7.2586240
23.8732360    8.0809410
28.5288670    10.8320690
17.7422000    17.6584280
9.8785020    10.4694080
33.8622130    2.2908900
22.7035240    32.4428480
4.9196610    23.5187710
34.0149960    30.1750530
19.7208980    13.2474050
31.0793890    21.3382790
11.5441250    10.7294660
3.9047630    6.8043060
7.3356160    24.7872530
6.6483200    3.8816930
17.8742240    13.1192590
9.5570280    7.6571450
30.2527900    28.9960760
23.3438030    24.0507720
9.0715980    0.7972270
11.4456280    30.7802450
21.5111890    12.9280390
3.8070920    29.7490060
14.2077290    13.6769360
9.6419880    31.8863640
26.3363680    0.6418400
1.1934950    25.4797410
22.2381850    28.6737080
14.0724400    28.0953800
22.7553710    6.0210970
26.7398810    28.9716960
33.5328910    24.1540350
21.9988990    23.6116790
12.7852850    15.0217710
7.6747650    28.0408250
17.2119770    11.3244700
20.5519560    32.7209440
0.5911860    30.0902920
22.9485060    11.8881070
17.8151440    29.3745130
26.9915700    8.2171220
12.0638940    16.6272870
32.1317420    12.2973500
14.1757940    29.4421030
23.9207160    15.7357230
0.7562400    18.9246820
24.9167690    23.9892650
3.1467770    14.2906810
27.8230680    33.5614450
26.9972380    6.4739490
29.2206590    33.2389650
18.2042880    23.8692470
17.1751420    22.9795860
20.1296230    6.1807890
15.4033970    14.3549960
7.1066350    8.9167910
6.8198090    6.6380460
24.3864120    10.3398050
5.5503620    2.4970590
2.6681160    2.8288040
8.1761670    4.0943700
27.2965530    20.1966150
27.6689820    12.6149410
8.3563370    8.0314110
10.9338710    1.7229150
10.3036610    2.8786090
33.9213840    3.5172990
31.5231730    8.4192510
23.0002050    20.8820830
8.8594970    28.0517560
29.4481850    8.9523260
31.2356530    2.0526700
3.8717370    24.3268040
16.3146460    26.2962090
18.8104950    22.9554030
33.0523040    11.6249460
2.5561880    13.2978680
24.3581820    25.2688050
28.6629240    32.2308440
31.8162150    20.0239830
7.9594570    6.3095410
24.1483470    20.7728700
16.6268710    13.5319730
10.6467660    13.4974580
13.2902210    32.8466120
12.1444970    24.7400410
30.1480880    7.9122980
28.1806600    7.7460540
33.0178170    17.4342380
8.9974300    17.6056010
31.4053860    10.9254100
12.9112910    23.8056170
21.5923070    4.4488070
2.7101190    26.1041540
29.7028690    13.9523940
25.5517550    11.2034760
33.0991060    14.7026080
31.0271380    13.1944070
17.2569810    27.8017410
23.9355020    5.1227320
3.4456280    4.2253050
1.5666770    21.3784810
24.7894710    2.2451240
33.6292880    32.9701550
16.6516770    33.9896290
25.9327380    18.4789890
5.6197260    29.5572480
21.0014010    24.8344820
15.4430580    13.2440130
25.6780050    30.9022470
16.8914410    20.0805840
19.3333620    16.0723090
28.2728860    21.5336400
10.6004000    33.2463160
34.0032020    16.5968540
24.2408550    9.1714610
26.1587270    23.5438850
7.7974730    21.9436890
16.4572910    0.7557000
32.0879370    28.5196440
29.3365470    26.6375750
25.1199130    6.5854920
27.5372320    24.2174150
26.3129070    21.2047890
23.3567860    18.8309760
25.0906890    28.8888240
33.3917480    27.7927220
7.4764960    19.0611130
9.8747320    11.9403540
2.8019560    32.6541890
13.9160210    16.8587050
5.7935340    24.1695810
22.5830710    24.9607830
23.4173770    13.7296340
27.1900530    2.4648550
26.6420730    27.7639010
4.6006440    9.7933560
12.4797320    3.4467340
10.7769430    17.1216270
9.5505520    5.0407490
3.7735220    16.8476750
0.6036900    22.8063050
1.6747400    28.0071830
6.5993450    30.5592990
18.6033510    27.1827060
0.8458380    9.1039380
14.1582510    2.9922890
7.9167820    2.9923090
6.2333210    18.0851730
17.9103360    5.3804530
31.6271920    4.1381620
22.8818770    14.9241280
23.7511110    0.9489910
6.5227690    21.5313290
14.7263580    30.4799960
17.1516420    31.6946940
26.1874450    7.3764990
21.8864130    14.5024690
10.2185700    8.7325270
2.6125330    17.0594660
6.4748590    33.8771320
26.1958570    15.4316710
13.4222670    4.2638520
19.6831650    25.9988670
11.7101090    32.1068340
22.8442250    30.5081390
7.9331310    23.6643960
9.9889040    19.2985350
1.1751370    13.7103320
33.0266220    4.7289370
7.3556530    1.8452060
31.4144420    27.6295050
13.7982410    8.6156750
11.5172310    2.7979970
31.1972680    22.8433650
2.5285840    10.7436110
12.0856820    26.6700740
23.9775430    31.0403910
16.8384380    18.5691570
22.9194510    4.4301910
3.2309970    15.6043700
33.8890100    10.2031430
1.6300940    16.6005380
33.5386570    19.7519810
30.7708350    11.9356510
28.8332210    20.1600800
21.2594720    21.9711180
17.3388370    3.5723280
14.3598020    26.6457990
4.0762630    2.6217750
25.6673810    9.7233340
26.2311520    13.7881200
33.9123450    18.6175500
18.5221250    8.6167150
8.8768410    24.3590970
17.6648230    30.4936270
23.5388550    3.1000130
5.2881930    19.6871860
22.2958490    8.5692930
18.5308970    0.5421950
32.6140580    15.7549930
20.3679230    20.5554680
21.6596390    15.5869730
5.8614850    4.9448390
32.5295100    6.9255740
32.6361610    2.0971170
6.9983180    31.6716660
17.0842460    8.5512060
15.3125420    7.9323970
26.7727770    11.3707400
31.0267310    24.3638590
11.7452160    23.6822120
16.6335820    32.7519110
21.6456230    30.9468790
1.9325520    22.4967790
25.1827280    33.8721560
27.1175070    31.4029390
27.4192170    26.4413260
10.6883680    26.7916440
16.5135940    10.2101450
15.8681680    11.0779530
21.2899060    2.6722500
25.3648580    8.3878260
0.6361000    5.8766030
10.3257240    15.5029740
11.1179260    6.0343280
13.7495570    33.9613790
20.7773600    14.3781940
24.0658650    29.7437850
2.0734860    9.3077620
18.8690440    5.9729130
15.7919510    28.8026390
31.7779620    3.0060930
1.8230220    11.7194130
2.4709090    23.7447030
33.6854360    22.0929060
9.1708440    16.3554860
0.8389180    1.7726390
12.6625670    9.6649090
27.6196390    17.0974930
10.7832780    4.1469070
0.8860530    4.3338680
33.8281410    31.4088180
11.7035870    22.3333780
5.4224300    27.5420310
14.7849550    12.2996420
32.4887580    10.2272020
21.6983410    33.1645230
3.3448900    28.7518760
1.5346540    32.2566470
3.3650450    22.9459060
13.9641860    31.8448970
24.1566530    22.9884660
33.3162090    13.3790100
29.1666990    30.5508730
15.0170540    18.2090330
33.9005560    25.4325270
18.2076230    32.1008090
18.1801450    14.8012030
16.2144790    4.2352970
21.1719030    5.6591750
15.7298110    21.0340780
29.4033140    28.2555020
10.6865950    20.4479050
19.3434220    21.3202420
4.2230330    33.3395480
15.1832930    4.7910220
18.3023760    7.4287940
15.2503780    33.2084630
24.2823540    18.1922710
18.1396440    9.9956220
33.8169950    6.2025790
4.5940960    28.5222670
5.9947550    25.7535440
18.2916730    26.0554280
27.2618170    14.6582550
30.6333310    5.9420980
32.0908290    13.9347480
33.2371160    0.7962190
18.7453260    33.8265770
24.4282070    14.3073150
19.4753390    18.9680050
1.0219200    20.2332760
20.0495420    23.5009740
24.7507910    12.0407450
1.7965370    18.6132140
32.8922790    21.2844320
9.7842610    25.1591190
17.8597230    2.5619010
7.2326360    29.2553020
13.6090690    1.2282970
5.8807360    0.9760330
2.6008400    1.2364180
32.7408480    25.4158360
16.2719780    25.0796320
12.0367400    33.4296050
8.3882440    9.4548590
1.8161420    31.1360830
18.4996530    4.0907650
