19.3290520    30.1860830
30.8020850    19.6768230
4.6635470    30.3848350
13.6274340    15.3701950
25.2230010    15.9988270
15.6487750    1.1768370
26.9734960    21.2630370
8.0737940    29.3583910
4.5483210    8.5514890
7.0130130    10.5464580
19.9603580    8.0407260
29.3751090    23.8438690
17.8750110    25.4252800
24.6030760    31.1408940
23.3118760    6.1540310
4.4924720    24.4836920
14.8774560    23.3068490
1.3491740    1.2895130
13.4786140    3.9724020
23.3360550    0.5510500
12.1129560    5.0964920
8.9215540    9.2802800
27.1415500    25.5436030
27.7766100    9.9302230
33.0770600    23.9887640
22.4430380    23.7832160
21.8102860    7.9223720
6.5488970    32.8056960
18.3726820    8.8306440
2.4887380    23.4722620
18.9092160    13.2206120
6.9043470    3.4360210
27.9325730    17.9084720
31.4809170    29.5941830
10.8870710    7.8822720
5.1740480    14.0610750
4.4537500    0.7458080
2.9628790    16.5616650
32.0565750    4.9647430
8.4180160    18.5855220
14.2544600    3.1422630
11.5776160    21.3508230
12.5804510    16.8979550
19.6033610    6.2294250
2.3644300    14.0202090
32.0919200    16.0835260
27.6446380    23.9126230
26.5959080    14.2252450
1.3687490    17.6989590
33.9564620    31.2653670
27.2609310    19.8637920
8.0065470    32.5134160
30.7433870    4.2715660
32.4819660    7.8719620
1.6749500    24.4649660
2.5358030    4.7374050
17.9589370    32.0705690
1.6194390    15.3147100
20.2319420    9.7948120
16.5456940    30.8947100
7.7523730    2.6164390
29.1971710    25.7268160
26.5523800    23.8250690
12.7906500    33.8224310
1.1468300    7.5030940
15.1174160    9.2284440
4.5718020    28.4280220
31.2922470    26.9899890
17.3311820    6.0525550
0.9944430    13.1239690
29.6149030    22.4676070
3.2433410    15.2536610
15.5472120    20.1420820
11.0843950    27.2844840
6.3674280    18.6209150
25.4873990    29.9287580
